-0.463 -133.8307292
-0.387 -150.7140625
-0.360 -144.0890625
-0.357 -176.7640625
-0.288 -132.5557292
-0.280 -148.8723959
-0.270 -168.6557292
-0.218 -130.4973958
-0.160 -124.7307292
-0.105 -191.5807292
-0.028 -97.58072917
-0.027 -118.2473958
-0.023 -69.2890625
0.008 -49.2640625
0.010 -84.0390625
0.032 -66.4390625
0.048 -73.88072917
0.055 -76.73209318901519
0.138 -33.00572917
0.177 -46.98072917
0.220 -17.9640625
0.323 -34.74739583
0.462 -2.780729167
0.628 0.8859375
0.645 42.341628
0.663 13.76927083
0.921 55.11239131
