#_____ See the system in `systemofODEs.py`
#_____ 
#_____ Data in each line: t, x_1(t), x_0(t)
       0.000000,	      20.000000,	      50.000000
       0.100000,	      55.253885,	      11.073170
       0.200000,	      53.324556,	       5.996059
       0.300000,	      50.493508,	       2.421840
       0.400000,	      46.308510,	       0.763603
       0.500000,	      41.590280,	       0.210468
       0.600000,	      37.032865,	       0.057327
       0.700000,	      32.884298,	       0.016694
       0.800000,	      29.176748,	       0.005391
       0.900000,	      25.880836,	       0.001951
       1.000000,	      22.955399,	       0.000790
       1.100000,	      20.360052,	       0.000355
       1.200000,	      18.057932,	       0.000175
       1.300000,	      16.016036,	       0.000094
       1.400000,	      14.204994,	       0.000055
       1.500000,	      12.598724,	       0.000034
       1.600000,	      11.174081,	       0.000023
       1.700000,	       9.910530,	       0.000016
       1.800000,	       8.789859,	       0.000011
       1.900000,	       7.795910,	       0.000009
       2.000000,	       6.914356,	       0.000007
       2.100000,	       6.132486,	       0.000006
       2.200000,	       5.439030,	       0.000005
       2.300000,	       4.823989,	       0.000004
       2.400000,	       4.278496,	       0.000004
       2.500000,	       3.794687,	       0.000003
       2.600000,	       3.365586,	       0.000003
       2.700000,	       2.985008,	       0.000003
       2.800000,	       2.647466,	       0.000003
       2.900000,	       2.348092,	       0.000003
       3.000000,	       2.082572,	       0.000003
       3.100000,	       1.847076,	       0.000002
       3.200000,	       1.638210,	       0.000002
       3.300000,	       1.452962,	       0.000002
       3.400000,	       1.288663,	       0.000002
       3.500000,	       1.142942,	       0.000002
       3.600000,	       1.013699,	       0.000003
       3.700000,	       0.899070,	       0.000003
       3.800000,	       0.797404,	       0.000003
       3.900000,	       0.707234,	       0.000003
       4.000000,	       0.627261,	       0.000003
       4.100000,	       0.556330,	       0.000003
       4.200000,	       0.493421,	       0.000003
       4.300000,	       0.437625,	       0.000003
       4.400000,	       0.388139,	       0.000003
       4.500000,	       0.344249,	       0.000003
       4.600000,	       0.305321,	       0.000004
       4.700000,	       0.270796,	       0.000004
       4.800000,	       0.240174,	       0.000004
       4.900000,	       0.213016,	       0.000004
       5.000000,	       0.188928,	       0.000004
       5.100000,	       0.167564,	       0.000005
       5.200000,	       0.148616,	       0.000005
       5.300000,	       0.131811,	       0.000005
       5.400000,	       0.116906,	       0.000006
       5.500000,	       0.103686,	       0.000006
       5.600000,	       0.091961,	       0.000006
       5.700000,	       0.081562,	       0.000007
       5.800000,	       0.072339,	       0.000007
       5.900000,	       0.064159,	       0.000007
       6.000000,	       0.056904,	       0.000008
       6.100000,	       0.050470,	       0.000008
       6.200000,	       0.044763,	       0.000009
       6.300000,	       0.039701,	       0.000009
       6.400000,	       0.035212,	       0.000010
       6.500000,	       0.031230,	       0.000010
       6.600000,	       0.027698,	       0.000011
       6.700000,	       0.024566,	       0.000012
       6.800000,	       0.021788,	       0.000012
       6.900000,	       0.019325,	       0.000013
       7.000000,	       0.017139,	       0.000014
       7.100000,	       0.015201,	       0.000015
       7.200000,	       0.013482,	       0.000016
       7.300000,	       0.011958,	       0.000017
       7.400000,	       0.010606,	       0.000018
       7.500000,	       0.009406,	       0.000019
       7.600000,	       0.008343,	       0.000020
       7.700000,	       0.007399,	       0.000021
       7.800000,	       0.006563,	       0.000022
       7.900000,	       0.005820,	       0.000024
       8.000000,	       0.005162,	       0.000025
       8.100000,	       0.004579,	       0.000027
       8.200000,	       0.004061,	       0.000029
       8.300000,	       0.003602,	       0.000030
       8.400000,	       0.003194,	       0.000032
       8.500000,	       0.002833,	       0.000034
       8.600000,	       0.002513,	       0.000036
       8.700000,	       0.002229,	       0.000038
       8.800000,	       0.001977,	       0.000041
       8.900000,	       0.001753,	       0.000043
       9.000000,	       0.001555,	       0.000046
       9.100000,	       0.001379,	       0.000049
       9.200000,	       0.001223,	       0.000052
       9.300000,	       0.001085,	       0.000055
       9.400000,	       0.000962,	       0.000059
       9.500000,	       0.000853,	       0.000062
       9.600000,	       0.000757,	       0.000066
       9.700000,	       0.000671,	       0.000070
       9.800000,	       0.000595,	       0.000074
       9.900000,	       0.000528,	       0.000079
      10.000000,	       0.000468,	       0.000084
      10.100000,	       0.000415,	       0.000089
      10.200000,	       0.000368,	       0.000095
      10.300000,	       0.000327,	       0.000100
      10.400000,	       0.000290,	       0.000107
      10.500000,	       0.000257,	       0.000113
      10.600000,	       0.000228,	       0.000120
      10.700000,	       0.000202,	       0.000128
      10.800000,	       0.000179,	       0.000136
      10.900000,	       0.000159,	       0.000144
      11.000000,	       0.000141,	       0.000153
      11.100000,	       0.000125,	       0.000162
      11.200000,	       0.000111,	       0.000172
      11.300000,	       0.000098,	       0.000183
      11.400000,	       0.000087,	       0.000194
      11.500000,	       0.000077,	       0.000206
      11.600000,	       0.000069,	       0.000219
      11.700000,	       0.000061,	       0.000233
      11.800000,	       0.000054,	       0.000247
      11.900000,	       0.000048,	       0.000262
      12.000000,	       0.000042,	       0.000279
      12.100000,	       0.000038,	       0.000296
      12.200000,	       0.000033,	       0.000314
      12.300000,	       0.000030,	       0.000334
      12.400000,	       0.000026,	       0.000354
      12.500000,	       0.000023,	       0.000376
      12.600000,	       0.000021,	       0.000399
      12.700000,	       0.000018,	       0.000424
      12.800000,	       0.000016,	       0.000450
      12.900000,	       0.000014,	       0.000478
      13.000000,	       0.000013,	       0.000508
      13.100000,	       0.000011,	       0.000539
      13.200000,	       0.000010,	       0.000572
      13.300000,	       0.000009,	       0.000608
      13.400000,	       0.000008,	       0.000645
      13.500000,	       0.000007,	       0.000685
      13.600000,	       0.000006,	       0.000728
      13.700000,	       0.000006,	       0.000773
      13.800000,	       0.000005,	       0.000820
      13.900000,	       0.000004,	       0.000871
      14.000000,	       0.000004,	       0.000925
      14.100000,	       0.000003,	       0.000982
      14.200000,	       0.000003,	       0.001043
      14.300000,	       0.000003,	       0.001108
      14.400000,	       0.000002,	       0.001176
      14.500000,	       0.000002,	       0.001249
      14.600000,	       0.000002,	       0.001326
      14.700000,	       0.000002,	       0.001408
      14.800000,	       0.000001,	       0.001495
      14.900000,	       0.000001,	       0.001587
      15.000000,	       0.000001,	       0.001686
      15.100000,	       0.000001,	       0.001790
      15.200000,	       0.000001,	       0.001901
      15.300000,	       0.000001,	       0.002018
      15.400000,	       0.000001,	       0.002143
      15.500000,	       0.000001,	       0.002275
      15.600000,	       0.000001,	       0.002416
      15.700000,	       0.000001,	       0.002565
      15.800000,	       0.000000,	       0.002724
      15.900000,	       0.000000,	       0.002892
      16.000000,	       0.000000,	       0.003071
      16.100000,	       0.000000,	       0.003261
      16.200000,	       0.000000,	       0.003463
      16.300000,	       0.000000,	       0.003677
      16.400000,	       0.000000,	       0.003904
      16.500000,	       0.000000,	       0.004146
      16.600000,	       0.000000,	       0.004402
      16.700000,	       0.000000,	       0.004674
      16.800000,	       0.000000,	       0.004963
      16.900000,	       0.000000,	       0.005270
      17.000000,	       0.000000,	       0.005596
      17.100000,	       0.000000,	       0.005942
      17.200000,	       0.000000,	       0.006310
      17.300000,	       0.000000,	       0.006700
      17.400000,	       0.000000,	       0.007114
      17.500000,	       0.000000,	       0.007554
      17.600000,	       0.000000,	       0.008021
      17.700000,	       0.000000,	       0.008517
      17.800000,	       0.000000,	       0.009044
      17.900000,	       0.000000,	       0.009603
      18.000000,	       0.000000,	       0.010196
      18.100000,	       0.000000,	       0.010827
      18.200000,	       0.000000,	       0.011496
      18.300000,	       0.000000,	       0.012207
      18.400000,	       0.000000,	       0.012962
      18.500000,	       0.000000,	       0.013763
      18.600000,	       0.000000,	       0.014614
      18.700000,	       0.000000,	       0.015518
      18.800000,	       0.000000,	       0.016477
      18.900000,	       0.000000,	       0.017496
      19.000000,	       0.000000,	       0.018578
      19.100000,	       0.000000,	       0.019726
      19.200000,	       0.000000,	       0.020946
      19.300000,	       0.000000,	       0.022241
      19.400000,	       0.000000,	       0.023616
      19.500000,	       0.000000,	       0.025076
      19.600000,	       0.000000,	       0.026626
      19.700000,	       0.000000,	       0.028272
      19.800000,	       0.000000,	       0.030019
      19.900000,	       0.000000,	       0.031875
      20.000000,	       0.000000,	       0.033845
      20.100000,	       0.000000,	       0.035938
      20.200000,	       0.000000,	       0.038159
      20.300000,	       0.000000,	       0.040518
      20.400000,	       0.000000,	       0.043022
      20.500000,	       0.000000,	       0.045681
      20.600000,	       0.000000,	       0.048505
      20.700000,	       0.000000,	       0.051502
      20.800000,	       0.000000,	       0.054685
      20.900000,	       0.000000,	       0.058065
      21.000000,	       0.000000,	       0.061653
      21.100000,	       0.000000,	       0.065463
      21.200000,	       0.000000,	       0.069508
      21.300000,	       0.000000,	       0.073803
      21.400000,	       0.000000,	       0.078364
      21.500000,	       0.000000,	       0.083205
      21.600000,	       0.000000,	       0.088346
      21.700000,	       0.000000,	       0.093804
      21.800000,	       0.000000,	       0.099598
      21.900000,	       0.000000,	       0.105751
      22.000000,	       0.000000,	       0.112283
      22.100000,	       0.000000,	       0.119218
      22.200000,	       0.000000,	       0.126580
      22.300000,	       0.000000,	       0.134397
      22.400000,	       0.000000,	       0.142696
      22.500000,	       0.000000,	       0.151506
      22.600000,	       0.000000,	       0.160860
      22.700000,	       0.000000,	       0.170790
      22.800000,	       0.000000,	       0.181332
      22.900000,	       0.000000,	       0.192523
      23.000000,	       0.000000,	       0.204404
      23.100000,	       0.000000,	       0.217016
      23.200000,	       0.000000,	       0.230405
      23.300000,	       0.000000,	       0.244617
      23.400000,	       0.000000,	       0.259704
      23.500000,	       0.000000,	       0.275719
      23.600000,	       0.000000,	       0.292719
      23.700000,	       0.000000,	       0.310763
      23.800000,	       0.000000,	       0.329916
      23.900000,	       0.000000,	       0.350246
      24.000000,	       0.000000,	       0.371823
      24.100000,	       0.000000,	       0.394725
      24.200000,	       0.000000,	       0.419031
      24.300000,	       0.000000,	       0.444827
      24.400000,	       0.000000,	       0.472204
      24.500000,	       0.000000,	       0.501257
      24.600000,	       0.000000,	       0.532088
      24.700000,	       0.000000,	       0.564804
      24.800000,	       0.000000,	       0.599520
      24.900000,	       0.000000,	       0.636357
      25.000000,	       0.000000,	       0.675441
      25.100000,	       0.000000,	       0.716909
      25.200000,	       0.000000,	       0.760902
      25.300000,	       0.000000,	       0.807574
      25.400000,	       0.000000,	       0.857084
      25.500000,	       0.000000,	       0.909601
      25.600000,	       0.000000,	       0.965304
      25.700000,	       0.000000,	       1.024384
      25.800000,	       0.000000,	       1.087040
      25.900000,	       0.000000,	       1.153483
      26.000000,	       0.000000,	       1.223937
      26.100000,	       0.000000,	       1.298639
      26.200000,	       0.000000,	       1.377835
      26.300000,	       0.000000,	       1.461791
      26.400000,	       0.000000,	       1.550781
      26.500000,	       0.000000,	       1.645098
      26.600000,	       0.000000,	       1.745050
      26.700000,	       0.000000,	       1.850961
      26.800000,	       0.000000,	       1.963171
      26.900000,	       0.000000,	       2.082039
      27.000000,	       0.000000,	       2.207942
      27.100000,	       0.000000,	       2.341277
      27.200000,	       0.000000,	       2.482460
      27.300000,	       0.000000,	       2.631926
      27.400000,	       0.000000,	       2.790135
      27.500000,	       0.000000,	       2.957564
      27.600000,	       0.000000,	       3.134717
      27.700000,	       0.000000,	       3.322117
      27.800000,	       0.000000,	       3.520314
      27.900000,	       0.000000,	       3.729878
      28.000000,	       0.000000,	       3.951407
      28.100000,	       0.000000,	       4.185522
      28.200000,	       0.000000,	       4.432867
      28.300000,	       0.000000,	       4.694113
      28.400000,	       0.000000,	       4.969955
      28.500000,	       0.000000,	       5.261111
      28.600000,	       0.000000,	       5.568324
      28.700000,	       0.000000,	       5.892361
      28.800000,	       0.000000,	       6.234010
      28.900000,	       0.000000,	       6.594080
      29.000000,	       0.000000,	       6.973401
      29.100000,	       0.000000,	       7.372819
      29.200000,	       0.000000,	       7.793199
      29.300000,	       0.000000,	       8.235417
      29.400000,	       0.000000,	       8.700360
      29.500000,	       0.000000,	       9.188924
      29.600000,	       0.000000,	       9.702007
      29.700000,	       0.000000,	      10.240509
      29.800000,	       0.000000,	      10.805323
      29.900000,	       0.000000,	      11.397334
      30.000000,	       0.000000,	      12.017410
      30.100000,	       0.000000,	      12.666400
      30.200000,	       0.000000,	      13.345121
      30.300000,	       0.000000,	      14.054358
      30.400000,	       0.000000,	      14.794853
      30.500000,	       0.000000,	      15.567296
      30.600000,	       0.000000,	      16.372319
      30.700000,	       0.000000,	      17.210487
      30.800000,	       0.000000,	      18.082285
      30.900000,	       0.000000,	      18.988117
      31.000000,	       0.000000,	      19.928286
      31.100000,	       0.000000,	      20.902996
      31.200000,	       0.000000,	      21.912333
      31.300000,	       0.000000,	      22.956262
      31.400000,	       0.000000,	      24.034618
      31.500000,	       0.000001,	      25.147095
      31.600000,	       0.000002,	      26.293240
      31.700000,	       0.000005,	      27.472450
      31.800000,	       0.000012,	      28.683959
      31.900000,	       0.000035,	      29.926833
      32.000000,	       0.000105,	      31.199948
      32.100000,	       0.000330,	      32.501931
      32.200000,	       0.001094,	      33.830938
      32.300000,	       0.003823,	      35.183813
      32.400000,	       0.014076,	      36.552701
      32.500000,	       0.054635,	      37.910749
      32.600000,	       0.223057,	      39.149452
      32.700000,	       0.946891,	      39.801089
      32.800000,	       3.971273,	      37.955020
      32.900000,	      13.657808,	      28.641463
      33.000000,	      27.742274,	      13.011791
      33.100000,	      33.328946,	       4.064389
      33.200000,	      32.300382,	       1.234493
      33.300000,	      29.460138,	       0.399293
      33.400000,	      26.380614,	       0.142433
      33.500000,	      23.482475,	       0.056554
      33.600000,	      20.858704,	       0.024916
      33.700000,	      18.512973,	       0.012085
      33.800000,	      16.425353,	       0.006394
      33.900000,	      14.570817,	       0.003658
      34.000000,	      12.924645,	       0.002243
      34.100000,	      11.463967,	       0.001464
      34.200000,	      10.168123,	       0.001009
      34.300000,	       9.018628,	       0.000730
      34.400000,	       7.999011,	       0.000552
      34.500000,	       7.094626,	       0.000434
      34.600000,	       6.292469,	       0.000352
      34.700000,	       5.580992,	       0.000295
      34.800000,	       4.949951,	       0.000254
      34.900000,	       4.390256,	       0.000224
      35.000000,	       3.893842,	       0.000201
      35.100000,	       3.453555,	       0.000185
      35.200000,	       3.063051,	       0.000172
      35.300000,	       2.716701,	       0.000163
      35.400000,	       2.409514,	       0.000156
      35.500000,	       2.137061,	       0.000151
      35.600000,	       1.895415,	       0.000148
      35.700000,	       1.681092,	       0.000147
      35.800000,	       1.491004,	       0.000146
      35.900000,	       1.322410,	       0.000147
      36.000000,	       1.172880,	       0.000148
      36.100000,	       1.040257,	       0.000150
      36.200000,	       0.922631,	       0.000154
      36.300000,	       0.818306,	       0.000158
      36.400000,	       0.725777,	       0.000162
      36.500000,	       0.643711,	       0.000168
      36.600000,	       0.570924,	       0.000174
      36.700000,	       0.506368,	       0.000180
      36.800000,	       0.449112,	       0.000188
      36.900000,	       0.398329,	       0.000196
      37.000000,	       0.353289,	       0.000205
      37.100000,	       0.313342,	       0.000215
      37.200000,	       0.277912,	       0.000226
      37.300000,	       0.246488,	       0.000237
      37.400000,	       0.218618,	       0.000250
      37.500000,	       0.193899,	       0.000263
      37.600000,	       0.171975,	       0.000277
      37.700000,	       0.152530,	       0.000292
      37.800000,	       0.135283,	       0.000309
      37.900000,	       0.119987,	       0.000326
      38.000000,	       0.106420,	       0.000345
      38.100000,	       0.094388,	       0.000364
      38.200000,	       0.083716,	       0.000386
      38.300000,	       0.074250,	       0.000408
      38.400000,	       0.065855,	       0.000432
      38.500000,	       0.058409,	       0.000458
      38.600000,	       0.051806,	       0.000485
      38.700000,	       0.045948,	       0.000514
      38.800000,	       0.040753,	       0.000545
      38.900000,	       0.036146,	       0.000578
      39.000000,	       0.032059,	       0.000612
      39.100000,	       0.028435,	       0.000650
      39.200000,	       0.025220,	       0.000689
      39.300000,	       0.022369,	       0.000731
      39.400000,	       0.019840,	       0.000775
      39.500000,	       0.017597,	       0.000823
      39.600000,	       0.015608,	       0.000873
      39.700000,	       0.013843,	       0.000927
      39.800000,	       0.012278,	       0.000983
      39.900000,	       0.010890,	       0.001044
      40.000000,	       0.009659,	       0.001108
      40.100000,	       0.008567,	       0.001176
      40.200000,	       0.007599,	       0.001248
      40.300000,	       0.006740,	       0.001325
      40.400000,	       0.005978,	       0.001406
      40.500000,	       0.005303,	       0.001493
      40.600000,	       0.004703,	       0.001585
      40.700000,	       0.004172,	       0.001683
      40.800000,	       0.003700,	       0.001787
      40.900000,	       0.003282,	       0.001897
      41.000000,	       0.002911,	       0.002014
      41.100000,	       0.002582,	       0.002138
      41.200000,	       0.002290,	       0.002270
      41.300000,	       0.002032,	       0.002410
      41.400000,	       0.001802,	       0.002559
      41.500000,	       0.001598,	       0.002717
      41.600000,	       0.001418,	       0.002885
      41.700000,	       0.001258,	       0.003063
      41.800000,	       0.001116,	       0.003253
      41.900000,	       0.000990,	       0.003454
      42.000000,	       0.000878,	       0.003667
      42.100000,	       0.000779,	       0.003894
      42.200000,	       0.000691,	       0.004134
      42.300000,	       0.000613,	       0.004390
      42.400000,	       0.000544,	       0.004661
      42.500000,	       0.000482,	       0.004949
      42.600000,	       0.000428,	       0.005255
      42.700000,	       0.000379,	       0.005580
      42.800000,	       0.000337,	       0.005925
      42.900000,	       0.000299,	       0.006291
      43.000000,	       0.000265,	       0.006680
      43.100000,	       0.000235,	       0.007093
      43.200000,	       0.000209,	       0.007532
      43.300000,	       0.000185,	       0.007997
      43.400000,	       0.000164,	       0.008492
      43.500000,	       0.000146,	       0.009017
      43.600000,	       0.000129,	       0.009574
      43.700000,	       0.000115,	       0.010166
      43.800000,	       0.000102,	       0.010794
      43.900000,	       0.000090,	       0.011462
      44.000000,	       0.000080,	       0.012170
      44.100000,	       0.000071,	       0.012923
      44.200000,	       0.000063,	       0.013722
      44.300000,	       0.000056,	       0.014570
      44.400000,	       0.000050,	       0.015471
      44.500000,	       0.000044,	       0.016427
      44.600000,	       0.000039,	       0.017443
      44.700000,	       0.000035,	       0.018521
      44.800000,	       0.000031,	       0.019666
      44.900000,	       0.000027,	       0.020882
      45.000000,	       0.000024,	       0.022173
      45.100000,	       0.000022,	       0.023544
      45.200000,	       0.000019,	       0.025000
      45.300000,	       0.000017,	       0.026545
      45.400000,	       0.000015,	       0.028186
      45.500000,	       0.000013,	       0.029928
      45.600000,	       0.000012,	       0.031778
      45.700000,	       0.000011,	       0.033743
      45.800000,	       0.000009,	       0.035829
      45.900000,	       0.000008,	       0.038043
      46.000000,	       0.000007,	       0.040395
      46.100000,	       0.000007,	       0.042892
      46.200000,	       0.000006,	       0.045543
      46.300000,	       0.000005,	       0.048357
      46.400000,	       0.000005,	       0.051346
      46.500000,	       0.000004,	       0.054519
      46.600000,	       0.000004,	       0.057889
      46.700000,	       0.000003,	       0.061466
      46.800000,	       0.000003,	       0.065265
      46.900000,	       0.000003,	       0.069298
      47.000000,	       0.000002,	       0.073580
      47.100000,	       0.000002,	       0.078126
      47.200000,	       0.000002,	       0.082953
      47.300000,	       0.000002,	       0.088078
      47.400000,	       0.000001,	       0.093519
      47.500000,	       0.000001,	       0.099296
      47.600000,	       0.000001,	       0.105430
      47.700000,	       0.000001,	       0.111942
      47.800000,	       0.000001,	       0.118856
      47.900000,	       0.000001,	       0.126196
      48.000000,	       0.000001,	       0.133989
      48.100000,	       0.000001,	       0.142263
      48.200000,	       0.000001,	       0.151047
      48.300000,	       0.000001,	       0.160372
      48.400000,	       0.000000,	       0.170272
      48.500000,	       0.000000,	       0.180782
      48.600000,	       0.000000,	       0.191940
      48.700000,	       0.000000,	       0.203784
      48.800000,	       0.000000,	       0.216358
      48.900000,	       0.000000,	       0.229706
      49.000000,	       0.000000,	       0.243876
      49.100000,	       0.000000,	       0.258917
      49.200000,	       0.000000,	       0.274884
      49.300000,	       0.000000,	       0.291832
      49.400000,	       0.000000,	       0.309822
      49.500000,	       0.000000,	       0.328918
      49.600000,	       0.000000,	       0.349186
      49.700000,	       0.000000,	       0.370698
      49.800000,	       0.000000,	       0.393531
      49.900000,	       0.000000,	       0.417763
      50.000000,	       0.000000,	       0.443482
      50.100000,	       0.000000,	       0.470776
      50.200000,	       0.000000,	       0.499742
      50.300000,	       0.000000,	       0.530480
      50.400000,	       0.000000,	       0.563099
      50.500000,	       0.000000,	       0.597711
      50.600000,	       0.000000,	       0.634436
      50.700000,	       0.000000,	       0.673404
      50.800000,	       0.000000,	       0.714747
      50.900000,	       0.000000,	       0.758609
      51.000000,	       0.000000,	       0.805141
      51.100000,	       0.000000,	       0.854503
      51.200000,	       0.000000,	       0.906863
      51.300000,	       0.000000,	       0.962401
      51.400000,	       0.000000,	       1.021304
      51.500000,	       0.000000,	       1.083774
      51.600000,	       0.000000,	       1.150020
      51.700000,	       0.000000,	       1.220266
      51.800000,	       0.000000,	       1.294746
      51.900000,	       0.000000,	       1.373708
      52.000000,	       0.000000,	       1.457416
      52.100000,	       0.000000,	       1.546144
      52.200000,	       0.000000,	       1.640184
      52.300000,	       0.000000,	       1.739843
      52.400000,	       0.000000,	       1.845443
      52.500000,	       0.000000,	       1.957325
      52.600000,	       0.000000,	       2.075847
      52.700000,	       0.000000,	       2.201384
      52.800000,	       0.000000,	       2.334333
      52.900000,	       0.000000,	       2.475107
      53.000000,	       0.000000,	       2.624143
      53.100000,	       0.000000,	       2.781897
      53.200000,	       0.000000,	       2.948847
      53.300000,	       0.000000,	       3.125494
      53.400000,	       0.000000,	       3.312362
      53.500000,	       0.000000,	       3.509998
      53.600000,	       0.000000,	       3.718972
      53.700000,	       0.000000,	       3.939880
      53.800000,	       0.000000,	       4.173341
      53.900000,	       0.000000,	       4.419999
      54.000000,	       0.000000,	       4.680524
      54.100000,	       0.000000,	       4.955609
      54.200000,	       0.000000,	       5.245971
      54.300000,	       0.000000,	       5.552352
      54.400000,	       0.000000,	       5.875517
      54.500000,	       0.000000,	       6.216254
      54.600000,	       0.000000,	       6.575370
      54.700000,	       0.000000,	       6.953695
      54.800000,	       0.000000,	       7.352074
      54.900000,	       0.000000,	       7.771370
      55.000000,	       0.000000,	       8.212459
      55.100000,	       0.000000,	       8.676229
      55.200000,	       0.000000,	       9.163574
      55.300000,	       0.000000,	       9.675392
      55.400000,	       0.000000,	      10.212584
      55.500000,	       0.000000,	      10.776043
      55.600000,	       0.000000,	      11.366654
      55.700000,	       0.000000,	      11.985287
      55.800000,	       0.000000,	      12.632790
      55.900000,	       0.000001,	      13.309984
      56.000000,	       0.000001,	      14.017656
      56.100000,	       0.000002,	      14.756548
      56.200000,	       0.000003,	      15.527355
      56.300000,	       0.000004,	      16.330710
      56.400000,	       0.000008,	      17.167180
      56.500000,	       0.000014,	      18.037256
      56.600000,	       0.000026,	      18.941338
      56.700000,	       0.000050,	      19.879731
      56.800000,	       0.000100,	      20.852625
      56.900000,	       0.000208,	      21.860075
      57.000000,	       0.000450,	      22.901961
      57.100000,	       0.001018,	      23.977900
      57.200000,	       0.002404,	      25.087021
      57.300000,	       0.005934,	      26.227344
      57.400000,	       0.015334,	      27.393999
      57.500000,	       0.041502,	      28.573807
      57.600000,	       0.117633,	      29.728241
      57.700000,	       0.348112,	      30.738530
      57.800000,	       1.063132,	      31.231943
      57.900000,	       3.225416,	      30.116862
      58.000000,	       8.750883,	      25.125908
      58.100000,	      17.665870,	      15.612332
      58.200000,	      24.287212,	       7.004140
      58.300000,	      25.778610,	       2.719043
      58.400000,	      24.499937,	       1.064001
      58.500000,	      22.344190,	       0.445878
      58.600000,	      20.060437,	       0.203700
      58.700000,	      17.895550,	       0.101534
      58.800000,	      15.919727,	       0.054920
      58.900000,	      14.143344,	       0.032002
      59.000000,	      12.556745,	       0.019939
      59.100000,	      11.144076,	       0.013188
      59.200000,	       9.888271,	       0.009200
      59.300000,	       8.772873,	       0.006729
      59.400000,	       7.782671,	       0.005133
      59.500000,	       6.903872,	       0.004065
      59.600000,	       6.124086,	       0.003327
      59.700000,	       5.432241,	       0.002805
      59.800000,	       4.818469,	       0.002427
      59.900000,	       4.273990,	       0.002149
      60.000000,	       3.790999,	       0.001942
      60.100000,	       3.362566,	       0.001788
      60.200000,	       2.982535,	       0.001672
      60.300000,	       2.645444,	       0.001587
      60.400000,	       2.346445,	       0.001525
      60.500000,	       2.081235,	       0.001482
      60.600000,	       1.845999,	       0.001455
      60.700000,	       1.637349,	       0.001441
      60.800000,	       1.452282,	       0.001439
      60.900000,	       1.288134,	       0.001446
      61.000000,	       1.142539,	       0.001463
      61.100000,	       1.013401,	       0.001488
      61.200000,	       0.898860,	       0.001521
      61.300000,	       0.797267,	       0.001561
      61.400000,	       0.707157,	       0.001608
      61.500000,	       0.627233,	       0.001663
      61.600000,	       0.556344,	       0.001724
      61.700000,	       0.493468,	       0.001793
      61.800000,	       0.437699,	       0.001869
      61.900000,	       0.388234,	       0.001952
      62.000000,	       0.344360,	       0.002043
      62.100000,	       0.305445,	       0.002141
      62.200000,	       0.270930,	       0.002247
      62.300000,	       0.240315,	       0.002362
      62.400000,	       0.213161,	       0.002485
      62.500000,	       0.189076,	       0.002618
      62.600000,	       0.167714,	       0.002760
      62.700000,	       0.148766,	       0.002912
      62.800000,	       0.131959,	       0.003075
      62.900000,	       0.117052,	       0.003249
      63.000000,	       0.103830,	       0.003435
      63.100000,	       0.092102,	       0.003633
      63.200000,	       0.081699,	       0.003844
      63.300000,	       0.072472,	       0.004069
      63.400000,	       0.064288,	       0.004309
      63.500000,	       0.057028,	       0.004565
      63.600000,	       0.050589,	       0.004836
      63.700000,	       0.044877,	       0.005126
      63.800000,	       0.039811,	       0.005433
      63.900000,	       0.035317,	       0.005761
      64.000000,	       0.031331,	       0.006109
      64.100000,	       0.027795,	       0.006479
      64.200000,	       0.024659,	       0.006872
      64.300000,	       0.021876,	       0.007290
      64.400000,	       0.019409,	       0.007735
      64.500000,	       0.017219,	       0.008207
      64.600000,	       0.015277,	       0.008709
      64.700000,	       0.013555,	       0.009242
      64.800000,	       0.012026,	       0.009808
      64.900000,	       0.010671,	       0.010410
      65.000000,	       0.009468,	       0.011049
      65.100000,	       0.008401,	       0.011728
      65.200000,	       0.007455,	       0.012450
      65.300000,	       0.006615,	       0.013216
      65.400000,	       0.005871,	       0.014029
      65.500000,	       0.005210,	       0.014893
      65.600000,	       0.004623,	       0.015811
      65.700000,	       0.004103,	       0.016786
      65.800000,	       0.003642,	       0.017821
      65.900000,	       0.003232,	       0.018920
      66.000000,	       0.002869,	       0.020087
      66.100000,	       0.002547,	       0.021327
      66.200000,	       0.002261,	       0.022643
      66.300000,	       0.002007,	       0.024041
      66.400000,	       0.001782,	       0.025525
      66.500000,	       0.001582,	       0.027101
      66.600000,	       0.001405,	       0.028775
      66.700000,	       0.001247,	       0.030552
      66.800000,	       0.001108,	       0.032439
      66.900000,	       0.000984,	       0.034443
      67.000000,	       0.000874,	       0.036570
      67.100000,	       0.000776,	       0.038830
      67.200000,	       0.000689,	       0.041229
      67.300000,	       0.000613,	       0.043776
      67.400000,	       0.000544,	       0.046480
      67.500000,	       0.000484,	       0.049352
      67.600000,	       0.000430,	       0.052401
      67.700000,	       0.000382,	       0.055639
      67.800000,	       0.000340,	       0.059077
      67.900000,	       0.000302,	       0.062727
      68.000000,	       0.000268,	       0.066602
      68.100000,	       0.000239,	       0.070717
      68.200000,	       0.000212,	       0.075086
      68.300000,	       0.000189,	       0.079725
      68.400000,	       0.000168,	       0.084650
      68.500000,	       0.000150,	       0.089879
      68.600000,	       0.000133,	       0.095431
      68.700000,	       0.000119,	       0.101325
      68.800000,	       0.000106,	       0.107584
      68.900000,	       0.000094,	       0.114228
      69.000000,	       0.000084,	       0.121283
      69.100000,	       0.000075,	       0.128772
      69.200000,	       0.000067,	       0.136724
      69.300000,	       0.000059,	       0.145166
      69.400000,	       0.000053,	       0.154128
      69.500000,	       0.000047,	       0.163643
      69.600000,	       0.000042,	       0.173744
      69.700000,	       0.000038,	       0.184468
      69.800000,	       0.000034,	       0.195852
      69.900000,	       0.000030,	       0.207938
      70.000000,	       0.000027,	       0.220767
      70.100000,	       0.000024,	       0.234386
      70.200000,	       0.000022,	       0.248844
      70.300000,	       0.000019,	       0.264190
      70.400000,	       0.000017,	       0.280481
      70.500000,	       0.000016,	       0.297773
      70.600000,	       0.000014,	       0.316128
      70.700000,	       0.000013,	       0.335611
      70.800000,	       0.000011,	       0.356289
      70.900000,	       0.000010,	       0.378238
      71.000000,	       0.000009,	       0.401532
      71.100000,	       0.000008,	       0.426256
      71.200000,	       0.000007,	       0.452495
      71.300000,	       0.000007,	       0.480341
      71.400000,	       0.000006,	       0.509892
      71.500000,	       0.000006,	       0.541251
      71.600000,	       0.000005,	       0.574528
      71.700000,	       0.000005,	       0.609838
      71.800000,	       0.000004,	       0.647304
      71.900000,	       0.000004,	       0.687056
      72.000000,	       0.000003,	       0.729231
      72.100000,	       0.000003,	       0.773975
      72.200000,	       0.000003,	       0.821442
      72.300000,	       0.000003,	       0.871794
      72.400000,	       0.000002,	       0.925204
      72.500000,	       0.000002,	       0.981853
      72.600000,	       0.000002,	       1.041935
      72.700000,	       0.000002,	       1.105652
      72.800000,	       0.000002,	       1.173220
      72.900000,	       0.000002,	       1.244864
      73.000000,	       0.000002,	       1.320825
      73.100000,	       0.000001,	       1.401356
      73.200000,	       0.000001,	       1.486723
      73.300000,	       0.000001,	       1.577206
      73.400000,	       0.000001,	       1.673103
      73.500000,	       0.000001,	       1.774726
      73.600000,	       0.000001,	       1.882403
      73.700000,	       0.000001,	       1.996481
      73.800000,	       0.000001,	       2.117322
      73.900000,	       0.000001,	       2.245310
      74.000000,	       0.000001,	       2.380847
      74.100000,	       0.000001,	       2.524353
      74.200000,	       0.000001,	       2.676273
      74.300000,	       0.000001,	       2.837069
      74.400000,	       0.000001,	       3.007228
      74.500000,	       0.000001,	       3.187257
      74.600000,	       0.000001,	       3.377689
      74.700000,	       0.000001,	       3.579078
      74.800000,	       0.000001,	       3.792004
      74.900000,	       0.000001,	       4.017068
      75.000000,	       0.000001,	       4.254901
      75.100000,	       0.000001,	       4.506153
      75.200000,	       0.000001,	       4.771502
      75.300000,	       0.000001,	       5.051650
      75.400000,	       0.000001,	       5.347322
      75.500000,	       0.000002,	       5.659269
      75.600000,	       0.000002,	       5.988262
      75.700000,	       0.000002,	       6.335097
      75.800000,	       0.000002,	       6.700588
      75.900000,	       0.000003,	       7.085570
      76.000000,	       0.000003,	       7.490895
      76.100000,	       0.000004,	       7.917430
      76.200000,	       0.000005,	       8.366056
      76.300000,	       0.000006,	       8.837663
      76.400000,	       0.000007,	       9.333146
      76.500000,	       0.000010,	       9.853405
      76.600000,	       0.000013,	      10.399338
      76.700000,	       0.000017,	      10.971835
      76.800000,	       0.000024,	      11.571776
      76.900000,	       0.000035,	      12.200022
      77.000000,	       0.000051,	      12.857410
      77.100000,	       0.000076,	      13.544746
      77.200000,	       0.000118,	      14.262792
      77.300000,	       0.000187,	      15.012261
      77.400000,	       0.000307,	      15.793799
      77.500000,	       0.000521,	      16.607965
      77.600000,	       0.000913,	      17.455194
      77.700000,	       0.001656,	      18.335735
      77.800000,	       0.003112,	      19.249518
      77.900000,	       0.006071,	      20.195859
      78.000000,	       0.012305,	      21.172794
      78.100000,	       0.025942,	      22.175449
      78.200000,	       0.056934,	      23.191983
      78.300000,	       0.130073,	      24.193092
      78.400000,	       0.308762,	      25.104485
      78.500000,	       0.756388,	      25.735791
      78.600000,	       1.876146,	      25.616242
      78.700000,	       4.493932,	      23.758609
      78.800000,	       9.460667,	      18.994146
      78.900000,	      15.652629,	      12.078375
      79.000000,	      19.847028,	       6.208835
      79.100000,	      20.937419,	       2.892121
      79.200000,	      20.121489,	       1.348935
      79.300000,	      18.541332,	       0.661557
      79.400000,	      16.765620,	       0.347083
      79.500000,	      15.026404,	       0.195328
      79.600000,	      13.408589,	       0.117538
      79.700000,	      11.937289,	       0.075224
      79.800000,	      10.613708,	       0.050906
      79.900000,	       9.429709,	       0.036219
      80.000000,	       8.373861,	       0.026948
      80.100000,	       7.433994,	       0.020866
      80.200000,	       6.598290,	       0.016740
      80.300000,	       5.855722,	       0.013860
      80.400000,	       5.196215,	       0.011801
      80.500000,	       4.610661,	       0.010302
      80.600000,	       4.090881,	       0.009193
      80.700000,	       3.629558,	       0.008366
      80.800000,	       3.220166,	       0.007748
      80.900000,	       2.856889,	       0.007286
      81.000000,	       2.534554,	       0.006947
      81.100000,	       2.248562,	       0.006704
      81.200000,	       1.994824,	       0.006540
      81.300000,	       1.769709,	       0.006441
      81.400000,	       1.569995,	       0.006398
      81.500000,	       1.392817,	       0.006404
      81.600000,	       1.235636,	       0.006452
      81.700000,	       1.096195,	       0.006539
      81.800000,	       0.972495,	       0.006662
      81.900000,	       0.862758,	       0.006819
      82.000000,	       0.765410,	       0.007009
      82.100000,	       0.679051,	       0.007231
      82.200000,	       0.602442,	       0.007484
      82.300000,	       0.534481,	       0.007768
      82.400000,	       0.474192,	       0.008084
      82.500000,	       0.420710,	       0.008432
      82.600000,	       0.373265,	       0.008812
      82.700000,	       0.331176,	       0.009226
      82.800000,	       0.293838,	       0.009675
      82.900000,	       0.260714,	       0.010160
      83.000000,	       0.231329,	       0.010683
      83.100000,	       0.205260,	       0.011245
      83.200000,	       0.182134,	       0.011848
      83.300000,	       0.161617,	       0.012495
      83.400000,	       0.143415,	       0.013187
      83.500000,	       0.127267,	       0.013927
      83.600000,	       0.112940,	       0.014717
      83.700000,	       0.100230,	       0.015560
      83.800000,	       0.088953,	       0.016460
      83.900000,	       0.078947,	       0.017419
      84.000000,	       0.070070,	       0.018441
      84.100000,	       0.062194,	       0.019530
      84.200000,	       0.055205,	       0.020689
      84.300000,	       0.049005,	       0.021922
      84.400000,	       0.043502,	       0.023234
      84.500000,	       0.038620,	       0.024630
      84.600000,	       0.034288,	       0.026115
      84.700000,	       0.030443,	       0.027693
      84.800000,	       0.027032,	       0.029371
      84.900000,	       0.024004,	       0.031155
      85.000000,	       0.021317,	       0.033051
      85.100000,	       0.018932,	       0.035066
      85.200000,	       0.016816,	       0.037207
      85.300000,	       0.014937,	       0.039482
      85.400000,	       0.013270,	       0.041899
      85.500000,	       0.011789,	       0.044466
      85.600000,	       0.010475,	       0.047193
      85.700000,	       0.009309,	       0.050090
      85.800000,	       0.008273,	       0.053168
      85.900000,	       0.007354,	       0.056436
      86.000000,	       0.006538,	       0.059907
      86.100000,	       0.005813,	       0.063593
      86.200000,	       0.005169,	       0.067508
      86.300000,	       0.004597,	       0.071666
      86.400000,	       0.004089,	       0.076081
      86.500000,	       0.003638,	       0.080769
      86.600000,	       0.003238,	       0.085747
      86.700000,	       0.002882,	       0.091034
      86.800000,	       0.002565,	       0.096647
      86.900000,	       0.002284,	       0.102607
      87.000000,	       0.002035,	       0.108936
      87.100000,	       0.001813,	       0.115655
      87.200000,	       0.001615,	       0.122790
      87.300000,	       0.001440,	       0.130365
      87.400000,	       0.001284,	       0.138407
      87.500000,	       0.001145,	       0.146946
      87.600000,	       0.001022,	       0.156012
      87.700000,	       0.000912,	       0.165637
      87.800000,	       0.000815,	       0.175855
      87.900000,	       0.000728,	       0.186704
      88.000000,	       0.000651,	       0.198220
      88.100000,	       0.000582,	       0.210447
      88.200000,	       0.000520,	       0.223426
      88.300000,	       0.000466,	       0.237204
      88.400000,	       0.000417,	       0.251831
      88.500000,	       0.000374,	       0.267357
      88.600000,	       0.000335,	       0.283839
      88.700000,	       0.000301,	       0.301334
      88.800000,	       0.000270,	       0.319904
      88.900000,	       0.000243,	       0.339615
      89.000000,	       0.000218,	       0.360537
      89.100000,	       0.000197,	       0.382742
      89.200000,	       0.000177,	       0.406311
      89.300000,	       0.000160,	       0.431324
      89.400000,	       0.000144,	       0.457871
      89.500000,	       0.000130,	       0.486044
      89.600000,	       0.000118,	       0.515941
      89.700000,	       0.000107,	       0.547668
      89.800000,	       0.000097,	       0.581335
      89.900000,	       0.000088,	       0.617059
      90.000000,	       0.000080,	       0.654963
      90.100000,	       0.000073,	       0.695180
      90.200000,	       0.000067,	       0.737849
      90.300000,	       0.000061,	       0.783115
      90.400000,	       0.000056,	       0.831136
      90.500000,	       0.000051,	       0.882075
      90.600000,	       0.000047,	       0.936107
      90.700000,	       0.000043,	       0.993416
      90.800000,	       0.000040,	       1.054196
      90.900000,	       0.000037,	       1.118653
      91.000000,	       0.000035,	       1.187004
      91.100000,	       0.000032,	       1.259478
      91.200000,	       0.000030,	       1.336317
      91.300000,	       0.000028,	       1.417778
      91.400000,	       0.000026,	       1.504128
      91.500000,	       0.000025,	       1.595652
      91.600000,	       0.000024,	       1.692650
      91.700000,	       0.000022,	       1.795437
      91.800000,	       0.000021,	       1.904344
      91.900000,	       0.000021,	       2.019722
      92.000000,	       0.000020,	       2.141938
      92.100000,	       0.000019,	       2.271378
      92.200000,	       0.000019,	       2.408447
      92.300000,	       0.000018,	       2.553572
      92.400000,	       0.000018,	       2.707200
      92.500000,	       0.000018,	       2.869797
      92.600000,	       0.000018,	       3.041855
      92.700000,	       0.000018,	       3.223887
      92.800000,	       0.000018,	       3.416428
      92.900000,	       0.000019,	       3.620037
      93.000000,	       0.000019,	       3.835300
      93.100000,	       0.000020,	       4.062823
      93.200000,	       0.000021,	       4.303239
      93.300000,	       0.000022,	       4.557206
      93.400000,	       0.000024,	       4.825405
      93.500000,	       0.000026,	       5.108543
      93.600000,	       0.000028,	       5.407351
      93.700000,	       0.000031,	       5.722581
      93.800000,	       0.000035,	       6.055011
      93.900000,	       0.000040,	       6.405439
      94.000000,	       0.000046,	       6.774684
      94.100000,	       0.000054,	       7.163583
      94.200000,	       0.000064,	       7.572991
      94.300000,	       0.000077,	       8.003775
      94.400000,	       0.000095,	       8.456817
      94.500000,	       0.000120,	       8.933004
      94.600000,	       0.000153,	       9.433231
      94.700000,	       0.000200,	       9.958391
      94.800000,	       0.000267,	      10.509369
      94.900000,	       0.000365,	      11.087043
      95.000000,	       0.000511,	      11.692264
      95.100000,	       0.000732,	      12.325852
      95.200000,	       0.001077,	      12.988578
      95.300000,	       0.001628,	      13.681133
      95.400000,	       0.002532,	      14.404088
      95.500000,	       0.004055,	      15.157812
      95.600000,	       0.006697,	      15.942325
      95.700000,	       0.011419,	      16.757005
      95.800000,	       0.020126,	      17.599987
      95.900000,	       0.036703,	      18.466892
      96.000000,	       0.069313,	      19.348047
      96.100000,	       0.135566,	      20.222264
      96.200000,	       0.274309,	      21.042765
      96.300000,	       0.571954,	      21.705708
      96.400000,	       1.216415,	      21.984989
      96.500000,	       2.577973,	      21.428722
      96.600000,	       5.196103,	      19.338470
      96.700000,	       9.262983,	      15.279421
      96.800000,	      13.668677,	      10.156428
      96.900000,	      16.602005,	       5.820022
      97.000000,	      17.504607,	       3.100416
      97.100000,	      17.012514,	       1.645099
      97.200000,	      15.850105,	       0.904338
      97.300000,	      14.452656,	       0.523740
      97.400000,	      13.031247,	       0.321024
      97.500000,	      11.678099,	       0.208022
      97.600000,	      10.429108,	       0.142003
      97.700000,	       9.294383,	       0.101670
      97.800000,	       8.272415,	       0.075999
      97.900000,	       7.356653,	       0.059054
      98.000000,	       6.538594,	       0.047504
      98.100000,	       5.809250,	       0.039414
      98.200000,	       5.159842,	       0.033615
      98.300000,	       4.582120,	       0.029381
      98.400000,	       4.068488,	       0.026246
      98.500000,	       3.612039,	       0.023904
      98.600000,	       3.206538,	       0.022150
      98.700000,	       2.846388,	       0.020841
      98.800000,	       2.526574,	       0.019877
      98.900000,	       2.242620,	       0.019188
      99.000000,	       1.990533,	       0.018722
      99.100000,	       1.766757,	       0.018442
      99.200000,	       1.568125,	       0.018320
      99.300000,	       1.391822,	       0.018336
      99.400000,	       1.235344,	       0.018474
      99.500000,	       1.096467,	       0.018723
      99.600000,	       0.973215,	       0.019076
      99.700000,	       0.863830,	       0.019525
      99.800000,	       0.766756,	       0.020068
      99.900000,	       0.680606,	       0.020701
     100.000000,	       0.604152,	       0.021424
